0,497
0,496
0,495
37,35
0,494
61,4
61,3
61,2
61,1
61,0
60,3
60,2
60,1
60,0
59,3
59,2
59,1
59,0
0,493
0,492
0,491
41,5
0,490
0,489
0,488
58,5
0,487
0,486
58,4
58,3
58,2
58,1
58,0
0,485
0,484
0,483
0,482
0,481
0,480
0,479
57,4
57,3
57,2
57,1
57,0
0,478
0,477
56,4
56,3
56,2
56,1
56,0
0,476
55,5
55,4
55,3
55,2
55,1
55,0
54,4
54,3
54,2
54,1
54,0
53,3
53,2
53,1
53,0
0,475
52,5
52,4
52,3
52,2
52,1
52,0
0,474
0,473
0,472
0,471
0,470
51,4
51,3
51,2
51,1
51,0
0,469
45,4
0,468
0,467
0,466
0,465
0,464
0,463
0,462
0,461
0,460
0,459
0,458
0,457
0,456
0,455
0,454
0,453
50,5
50,4
50,3
50,2
0,452
50,1
50,0
0,451
0,450
0,449
0,448
0,447
0,446
0,445
0,444
0,443
0,442
0,441
0,440
0,439
0,438
0,437
0,436
49,4
49,3
49,2
0,435
49,1
